[[-3.6262e-06 -8.3548e-06 -2.5429e-06]
 [-5.9323e-06 -5.1205e-06 -2.6325e-06]
 [-3.5183e-06 -7.6613e-06 -2.5473e-06]
 [-5.3292e-06 -5.4465e-06 -2.7061e-06]
 [-4.2376e-06 -6.8943e-06 -2.5043e-06]
 [-5.9323e-06 -5.1205e-06 -2.6325e-06]
 [-5.9323e-06 -5.1205e-06 -2.6325e-06]
 [-5.9323e-06 -5.1205e-06 -2.6325e-06]
 [-5.9323e-06 -5.1205e-06 -2.6325e-06]
 [-5.9323e-06 -5.1205e-06 -2.6325e-06]
 [-5.9323e-06 -5.1205e-06 -2.6325e-06]
 [-5.9323e-06 -5.1205e-06 -2.6325e-06]
 [-5.9323e-06 -5.1205e-06 -2.6325e-06]
 [-5.9323e-06 -5.1205e-06 -2.6325e-06]
 [-5.9323e-06 -5.1205e-06 -2.6325e-06]
 [-5.9323e-06 -5.1205e-06 -2.6325e-06]
 [-5.9323e-06 -5.1205e-06 -2.6325e-06]
 [-5.9323e-06 -5.1205e-06 -2.6325e-06]
 [-5.9323e-06 -5.1205e-06 -2.6325e-06]
 [-5.9323e-06 -5.1205e-06 -2.6325e-06]
 [-5.9323e-06 -5.1205e-06 -2.6325e-06]
 [-5.9323e-06 -5.1205e-06 -2.6325e-06]
 [-5.9323e-06 -5.1205e-06 -2.6325e-06]
 [-5.9323e-06 -5.1205e-06 -2.6325e-06]
 [-5.9323e-06 -5.1205e-06 -2.6325e-06]
 [-5.9323e-06 -5.1205e-06 -2.6325e-06]
 [-5.9323e-06 -5.1205e-06 -2.6325e-06]
 [-5.9323e-06 -5.1205e-06 -2.6325e-06]
 [-5.9323e-06 -5.1205e-06 -2.6325e-06]
 [-5.9323e-06 -5.1205e-06 -2.6325e-06]
 [-5.9323e-06 -5.1205e-06 -2.6325e-06]
 [-5.9323e-06 -5.1205e-06 -2.6325e-06]
 [-5.9323e-06 -5.1205e-06 -2.6325e-06]
 [-5.9323e-06 -5.1205e-06 -2.6325e-06]
 [-5.9323e-06 -5.1205e-06 -2.6325e-06]
 [-5.9323e-06 -5.1205e-06 -2.6325e-06]
 [-5.9323e-06 -5.1205e-06 -2.6325e-06]]
----------
----------
1
[[-8.50580e-06 -2.31550e-06 -2.76150e-06]
 [-5.93220e-06 -5.12050e-06 -2.63250e-06]
 [-9.22940e-06 -6.99930e-06 -2.59720e-06]
 [-5.28020e-06 -1.30250e-06 -2.74160e-06]
 [-8.08790e-06 -5.57720e-06 -2.58950e-06]
 [-8.61060e-06 -1.75790e-06 -2.77750e-06]
 [-5.93220e-06 -5.12050e-06 -2.63250e-06]
 [-5.93220e-06 -5.12050e-06 -2.63250e-06]
 [-5.93220e-06 -5.12050e-06 -2.63250e-06]
 [-5.93220e-06 -5.12050e-06 -2.63250e-06]
 [-5.93220e-06 -5.12050e-06 -2.63250e-06]
 [-1.04030e-05 -2.06300e-07 -2.68780e-06]
 [-5.93220e-06 -5.12050e-06 -2.63250e-06]
 [-5.93220e-06 -5.12050e-06 -2.63250e-06]
 [-5.93220e-06 -5.12050e-06 -2.63250e-06]
 [-5.93220e-06 -5.12050e-06 -2.63250e-06]
 [-5.93220e-06 -5.12050e-06 -2.63250e-06]
 [-5.93220e-06 -5.12050e-06 -2.63250e-06]
 [-5.93220e-06 -5.12050e-06 -2.63250e-06]
 [-5.93220e-06 -5.12050e-06 -2.63250e-06]
 [-5.93220e-06 -5.12050e-06 -2.63250e-06]
 [-5.93220e-06 -5.12050e-06 -2.63250e-06]
 [-5.93220e-06 -5.12050e-06 -2.63250e-06]
 [-1.09736e-05 -2.48200e-07 -2.58070e-06]
 [-5.93220e-06 -5.12050e-06 -2.63250e-06]
 [-5.93220e-06 -5.12050e-06 -2.63250e-06]
 [-5.93220e-06 -5.12050e-06 -2.63250e-06]
 [-5.93220e-06 -5.12050e-06 -2.63250e-06]
 [-5.93220e-06 -5.12050e-06 -2.63250e-06]
 [-8.02050e-06  1.55110e-06 -2.68220e-06]
 [-7.24750e-06 -1.66970e-06 -2.47690e-06]
 [-5.93220e-06 -5.12050e-06 -2.63250e-06]
 [-7.28140e-06 -1.21740e-06 -2.57700e-06]
 [-5.93220e-06 -5.12050e-06 -2.63250e-06]
 [-5.93220e-06 -5.12050e-06 -2.63250e-06]
 [-5.93220e-06 -5.12050e-06 -2.63250e-06]
 [-5.93220e-06 -5.12050e-06 -2.63250e-06]]
----------
----------
2
[[-8.7292e-06 -6.9479e-06 -2.9410e-06]
 [-5.9323e-06 -5.1205e-06 -2.6325e-06]
 [-3.5183e-06 -7.6613e-06 -2.5473e-06]
 [-2.8268e-06 -2.3277e-06 -2.6236e-06]
 [-5.1590e-07 -5.5840e-06 -2.5750e-06]
 [ 1.6640e-07 -6.6420e-07 -2.6071e-06]
 [-5.9323e-06 -5.1205e-06 -2.6325e-06]
 [-5.9323e-06 -5.1205e-06 -2.6325e-06]
 [-5.9323e-06 -5.1205e-06 -2.6325e-06]
 [-5.9323e-06 -5.1205e-06 -2.6325e-06]
 [-5.9323e-06 -5.1205e-06 -2.6325e-06]
 [-5.9323e-06 -5.1205e-06 -2.6325e-06]
 [-5.9323e-06 -5.1205e-06 -2.6325e-06]
 [-5.9323e-06 -5.1205e-06 -2.6325e-06]
 [-5.9323e-06 -5.1205e-06 -2.6325e-06]
 [-2.0611e-06 -4.3161e-06 -2.7648e-06]
 [-3.2087e-06  2.7427e-06 -2.5631e-06]
 [-5.9323e-06 -5.1205e-06 -2.6325e-06]
 [-5.9323e-06 -5.1205e-06 -2.6325e-06]
 [-5.9323e-06 -5.1205e-06 -2.6325e-06]
 [-5.9323e-06 -5.1205e-06 -2.6325e-06]
 [-5.9323e-06 -5.1205e-06 -2.6325e-06]
 [-5.9323e-06 -5.1205e-06 -2.6325e-06]
 [-5.9323e-06 -5.1205e-06 -2.6325e-06]
 [-5.9323e-06 -5.1205e-06 -2.6325e-06]
 [-5.9323e-06 -5.1205e-06 -2.6325e-06]
 [-5.9323e-06 -5.1205e-06 -2.6325e-06]
 [-5.9323e-06 -5.1205e-06 -2.6325e-06]
 [-5.9323e-06 -5.1205e-06 -2.6325e-06]
 [-5.9323e-06 -5.1205e-06 -2.6325e-06]
 [-5.9323e-06 -5.1205e-06 -2.6325e-06]
 [-5.9323e-06 -5.1205e-06 -2.6325e-06]
 [-5.9323e-06 -5.1205e-06 -2.6325e-06]
 [-5.9323e-06 -5.1205e-06 -2.6325e-06]
 [-5.9323e-06 -5.1205e-06 -2.6325e-06]
 [-5.9323e-06 -5.1205e-06 -2.6325e-06]
 [-5.9323e-06 -5.1205e-06 -2.6325e-06]]
----------
----------
3
[[-6.6449e-06 -1.6603e-06 -2.5584e-06]
 [-5.9322e-06 -5.1205e-06 -2.6325e-06]
 [-5.3217e-06 -8.3096e-06 -2.5264e-06]
 [-3.0744e-06 -4.6967e-06 -2.7379e-06]
 [-4.1802e-06 -6.8874e-06 -2.5188e-06]
 [-8.0940e-07 -7.9409e-06 -2.8162e-06]
 [-5.9322e-06 -5.1205e-06 -2.6325e-06]
 [-5.9322e-06 -5.1205e-06 -2.6325e-06]
 [-5.9322e-06 -5.1205e-06 -2.6325e-06]
 [-5.9322e-06 -5.1205e-06 -2.6325e-06]
 [-5.9322e-06 -5.1205e-06 -2.6325e-06]
 [-5.9322e-06 -5.1205e-06 -2.6325e-06]
 [-5.9322e-06 -5.1205e-06 -2.6325e-06]
 [-5.9322e-06 -5.1205e-06 -2.6325e-06]
 [-5.9322e-06 -5.1205e-06 -2.6325e-06]
 [-5.9322e-06 -5.1205e-06 -2.6325e-06]
 [ 1.8387e-06 -4.8544e-06 -2.8055e-06]
 [ 1.6476e-06 -6.9884e-06 -2.8523e-06]
 [-5.9322e-06 -5.1205e-06 -2.6325e-06]
 [-5.9322e-06 -5.1205e-06 -2.6325e-06]
 [-5.9322e-06 -5.1205e-06 -2.6325e-06]
 [-5.9322e-06 -5.1205e-06 -2.6325e-06]
 [-5.9322e-06 -5.1205e-06 -2.6325e-06]
 [-5.9322e-06 -5.1205e-06 -2.6325e-06]
 [-5.9322e-06 -5.1205e-06 -2.6325e-06]
 [-5.9322e-06 -5.1205e-06 -2.6325e-06]
 [-5.9322e-06 -5.1205e-06 -2.6325e-06]
 [-5.9322e-06 -5.1205e-06 -2.6325e-06]
 [-5.9322e-06 -5.1205e-06 -2.6325e-06]
 [-5.9322e-06 -5.1205e-06 -2.6325e-06]
 [-5.9322e-06 -5.1205e-06 -2.6325e-06]
 [-5.9322e-06 -5.1205e-06 -2.6325e-06]
 [-5.9322e-06 -5.1205e-06 -2.6325e-06]
 [-5.9322e-06 -5.1205e-06 -2.6325e-06]
 [-5.9322e-06 -5.1205e-06 -2.6325e-06]
 [-5.9322e-06 -5.1205e-06 -2.6325e-06]
 [-5.9322e-06 -5.1205e-06 -2.6325e-06]]
----------
----------
4
[[-4.59810e-06 -3.62570e-06 -2.69070e-06]
 [-5.93230e-06 -5.12050e-06 -2.63250e-06]
 [-7.42600e-06 -6.35110e-06 -2.61800e-06]
 [-2.48700e-06 -8.39990e-06 -2.72960e-06]
 [-4.42360e-06 -4.27380e-06 -2.64570e-06]
 [-5.93230e-06 -5.12050e-06 -2.63250e-06]
 [-5.93230e-06 -5.12050e-06 -2.63250e-06]
 [-5.93230e-06 -5.12050e-06 -2.63250e-06]
 [-5.93230e-06 -5.12050e-06 -2.63250e-06]
 [-5.93230e-06 -5.12050e-06 -2.63250e-06]
 [-1.12720e-06 -1.08815e-05 -2.74170e-06]
 [-5.93230e-06 -5.12050e-06 -2.63250e-06]
 [-5.93230e-06 -5.12050e-06 -2.63250e-06]
 [-5.93230e-06 -5.12050e-06 -2.63250e-06]
 [-5.93230e-06 -5.12050e-06 -2.63250e-06]
 [-5.93230e-06 -5.12050e-06 -2.63250e-06]
 [-5.93230e-06 -5.12050e-06 -2.63250e-06]
 [-5.93230e-06 -5.12050e-06 -2.63250e-06]
 [-5.93230e-06 -5.12050e-06 -2.63250e-06]
 [-5.93230e-06 -5.12050e-06 -2.63250e-06]
 [-5.93230e-06 -5.12050e-06 -2.63250e-06]
 [-5.93230e-06 -5.12050e-06 -2.63250e-06]
 [-5.93230e-06 -5.12050e-06 -2.63250e-06]
 [-5.93230e-06 -5.12050e-06 -2.63250e-06]
 [-5.93230e-06 -5.12050e-06 -2.63250e-06]
 [-5.93230e-06 -5.12050e-06 -2.63250e-06]
 [-5.93230e-06 -5.12050e-06 -2.63250e-06]
 [-5.93230e-06 -5.12050e-06 -2.63250e-06]
 [-5.93230e-06 -5.12050e-06 -2.63250e-06]
 [-5.93230e-06 -5.12050e-06 -2.63250e-06]
 [-5.93230e-06 -5.12050e-06 -2.63250e-06]
 [-5.93230e-06 -5.12050e-06 -2.63250e-06]
 [-5.93230e-06 -5.12050e-06 -2.63250e-06]
 [-5.93230e-06 -5.12050e-06 -2.63250e-06]
 [-5.93230e-06 -5.12050e-06 -2.63250e-06]
 [-5.93230e-06 -5.12050e-06 -2.63250e-06]
 [-5.93230e-06 -5.12050e-06 -2.63250e-06]]
----------
----------
5
[[-7.74540e-06 -1.93320e-06 -2.86210e-06]
 [-5.93230e-06 -5.12050e-06 -2.63250e-06]
 [-3.51830e-06 -7.66130e-06 -2.54730e-06]
 [-9.55330e-06 -3.48230e-06 -2.54110e-06]
 [-2.37670e-06 -6.23920e-06 -2.53960e-06]
 [-9.80610e-06 -5.23490e-06 -2.55950e-06]
 [-5.93230e-06 -5.12050e-06 -2.63250e-06]
 [-5.93230e-06 -5.12050e-06 -2.63250e-06]
 [-5.93230e-06 -5.12050e-06 -2.63250e-06]
 [-5.93230e-06 -5.12050e-06 -2.63250e-06]
 [-5.93230e-06 -5.12050e-06 -2.63250e-06]
 [-1.10448e-05 -4.90040e-06 -2.47800e-06]
 [-5.93230e-06 -5.12050e-06 -2.63250e-06]
 [-5.93230e-06 -5.12050e-06 -2.63250e-06]
 [-5.93230e-06 -5.12050e-06 -2.63250e-06]
 [-5.93230e-06 -5.12050e-06 -2.63250e-06]
 [-5.93230e-06 -5.12050e-06 -2.63250e-06]
 [-5.93230e-06 -5.12050e-06 -2.63250e-06]
 [-5.93230e-06 -5.12050e-06 -2.63250e-06]
 [-5.93230e-06 -5.12050e-06 -2.63250e-06]
 [-5.93230e-06 -5.12050e-06 -2.63250e-06]
 [-5.93230e-06 -5.12050e-06 -2.63250e-06]
 [-5.93230e-06 -5.12050e-06 -2.63250e-06]
 [-5.93230e-06 -5.12050e-06 -2.63250e-06]
 [-5.93230e-06 -5.12050e-06 -2.63250e-06]
 [-1.27281e-05 -5.71270e-06 -2.48760e-06]
 [-8.35050e-06 -5.68500e-06 -2.40040e-06]
 [-5.93230e-06 -5.12050e-06 -2.63250e-06]
 [-5.93230e-06 -5.12050e-06 -2.63250e-06]
 [-5.93230e-06 -5.12050e-06 -2.63250e-06]
 [-5.93230e-06 -5.12050e-06 -2.63250e-06]
 [-5.93230e-06 -5.12050e-06 -2.63250e-06]
 [-5.93230e-06 -5.12050e-06 -2.63250e-06]
 [-5.93230e-06 -5.12050e-06 -2.63250e-06]
 [-5.93230e-06 -5.12050e-06 -2.63250e-06]
 [-5.93230e-06 -5.12050e-06 -2.63250e-06]
 [-5.93230e-06 -5.12050e-06 -2.63250e-06]]
----------
----------
6
[[-4.02370e-06 -8.25230e-06 -2.45600e-06]
 [-5.93220e-06 -5.12050e-06 -2.63250e-06]
 [-3.51830e-06 -7.66130e-06 -2.54730e-06]
 [-6.04390e-06 -4.74280e-06 -2.64970e-06]
 [-2.37670e-06 -6.23920e-06 -2.53960e-06]
 [-9.84160e-06 -5.87490e-06 -2.67390e-06]
 [-5.93220e-06 -5.12050e-06 -2.63250e-06]
 [-5.93220e-06 -5.12050e-06 -2.63250e-06]
 [-5.93220e-06 -5.12050e-06 -2.63250e-06]
 [-5.93220e-06 -5.12050e-06 -2.63250e-06]
 [-5.93220e-06 -5.12050e-06 -2.63250e-06]
 [-1.19472e-05 -4.27920e-06 -2.57100e-06]
 [-5.93220e-06 -5.12050e-06 -2.63250e-06]
 [-5.93220e-06 -5.12050e-06 -2.63250e-06]
 [-5.93220e-06 -5.12050e-06 -2.63250e-06]
 [-5.93220e-06 -5.12050e-06 -2.63250e-06]
 [-5.93220e-06 -5.12050e-06 -2.63250e-06]
 [-5.93220e-06 -5.12050e-06 -2.63250e-06]
 [-5.93220e-06 -5.12050e-06 -2.63250e-06]
 [-5.93220e-06 -5.12050e-06 -2.63250e-06]
 [-5.93220e-06 -5.12050e-06 -2.63250e-06]
 [-5.93220e-06 -5.12050e-06 -2.63250e-06]
 [-5.93220e-06 -5.12050e-06 -2.63250e-06]
 [-5.93220e-06 -5.12050e-06 -2.63250e-06]
 [-5.93220e-06 -5.12050e-06 -2.63250e-06]
 [-5.93220e-06 -5.12050e-06 -2.63250e-06]
 [-1.30358e-05 -5.58880e-06 -2.61060e-06]
 [-1.19953e-05 -4.09420e-06 -2.52400e-06]
 [-5.93220e-06 -5.12050e-06 -2.63250e-06]
 [-5.93220e-06 -5.12050e-06 -2.63250e-06]
 [-5.93220e-06 -5.12050e-06 -2.63250e-06]
 [-5.93220e-06 -5.12050e-06 -2.63250e-06]
 [-5.93220e-06 -5.12050e-06 -2.63250e-06]
 [-5.93220e-06 -5.12050e-06 -2.63250e-06]
 [-5.93220e-06 -5.12050e-06 -2.63250e-06]
 [-5.93220e-06 -5.12050e-06 -2.63250e-06]
 [-5.93220e-06 -5.12050e-06 -2.63250e-06]]
----------
----------
7
[[-9.2948e-06 -2.8490e-06 -2.7003e-06]
 [-5.9323e-06 -5.1205e-06 -2.6325e-06]
 [-9.4865e-06 -1.7446e-06 -2.6706e-06]
 [-5.9323e-06 -5.1205e-06 -2.6325e-06]
 [-8.3450e-06 -3.2240e-07 -2.6629e-06]
 [-5.9323e-06 -5.1205e-06 -2.6325e-06]
 [-5.9323e-06 -5.1205e-06 -2.6325e-06]
 [-5.9323e-06 -5.1205e-06 -2.6325e-06]
 [-5.9323e-06 -5.1205e-06 -2.6325e-06]
 [-5.9323e-06 -5.1205e-06 -2.6325e-06]
 [-5.9323e-06 -5.1205e-06 -2.6325e-06]
 [-5.9323e-06 -5.1205e-06 -2.6325e-06]
 [-5.9323e-06 -5.1205e-06 -2.6325e-06]
 [-5.9323e-06 -5.1205e-06 -2.6325e-06]
 [-5.9323e-06 -5.1205e-06 -2.6325e-06]
 [-5.9323e-06 -5.1205e-06 -2.6325e-06]
 [-5.9323e-06 -5.1205e-06 -2.6325e-06]
 [-5.9323e-06 -5.1205e-06 -2.6325e-06]
 [-5.9323e-06 -5.1205e-06 -2.6325e-06]
 [-5.9323e-06 -5.1205e-06 -2.6325e-06]
 [-5.9323e-06 -5.1205e-06 -2.6325e-06]
 [-5.9323e-06 -5.1205e-06 -2.6325e-06]
 [-5.9323e-06 -5.1205e-06 -2.6325e-06]
 [-5.9323e-06 -5.1205e-06 -2.6325e-06]
 [-5.9323e-06 -5.1205e-06 -2.6325e-06]
 [-5.9323e-06 -5.1205e-06 -2.6325e-06]
 [-5.9323e-06 -5.1205e-06 -2.6325e-06]
 [-5.9323e-06 -5.1205e-06 -2.6325e-06]
 [-5.9323e-06 -5.1205e-06 -2.6325e-06]
 [-5.9323e-06 -5.1205e-06 -2.6325e-06]
 [-5.9323e-06 -5.1205e-06 -2.6325e-06]
 [-5.9323e-06 -5.1205e-06 -2.6325e-06]
 [-5.9323e-06 -5.1205e-06 -2.6325e-06]
 [-5.9323e-06 -5.1205e-06 -2.6325e-06]
 [-5.9323e-06 -5.1205e-06 -2.6325e-06]
 [-5.9323e-06 -5.1205e-06 -2.6325e-06]
 [-5.9323e-06 -5.1205e-06 -2.6325e-06]]
----------
----------
8
[[-8.9047e-06 -2.3183e-06 -2.7302e-06]
 [-5.9322e-06 -5.1205e-06 -2.6325e-06]
 [-9.2294e-06 -6.9993e-06 -2.5972e-06]
 [-4.9926e-06 -5.3587e-06 -2.6881e-06]
 [-7.8416e-06 -8.5376e-06 -2.5643e-06]
 [-2.9964e-06 -4.9065e-06 -2.6757e-06]
 [-5.9322e-06 -5.1205e-06 -2.6325e-06]
 [-5.9322e-06 -5.1205e-06 -2.6325e-06]
 [-5.9322e-06 -5.1205e-06 -2.6325e-06]
 [-5.9322e-06 -5.1205e-06 -2.6325e-06]
 [-5.9322e-06 -5.1205e-06 -2.6325e-06]
 [-5.9322e-06 -5.1205e-06 -2.6325e-06]
 [-5.9322e-06 -5.1205e-06 -2.6325e-06]
 [-3.2100e-07 -4.0705e-06 -2.8224e-06]
 [-4.2563e-06 -6.4536e-06 -2.5675e-06]
 [-5.9322e-06 -5.1205e-06 -2.6325e-06]
 [-5.9322e-06 -5.1205e-06 -2.6325e-06]
 [-5.9322e-06 -5.1205e-06 -2.6325e-06]
 [-5.9322e-06 -5.1205e-06 -2.6325e-06]
 [-5.9322e-06 -5.1205e-06 -2.6325e-06]
 [-3.1297e-06 -3.6222e-06 -2.5603e-06]
 [-5.9322e-06 -5.1205e-06 -2.6325e-06]
 [-5.9322e-06 -5.1205e-06 -2.6325e-06]
 [-5.9322e-06 -5.1205e-06 -2.6325e-06]
 [-5.9322e-06 -5.1205e-06 -2.6325e-06]
 [-4.1441e-06 -6.5021e-06 -2.7192e-06]
 [-5.9322e-06 -5.1205e-06 -2.6325e-06]
 [-5.9322e-06 -5.1205e-06 -2.6325e-06]
 [-5.9322e-06 -5.1205e-06 -2.6325e-06]
 [-5.9322e-06 -5.1205e-06 -2.6325e-06]
 [-5.9322e-06 -5.1205e-06 -2.6325e-06]
 [-5.9322e-06 -5.1205e-06 -2.6325e-06]
 [-5.9322e-06 -5.1205e-06 -2.6325e-06]
 [-5.9322e-06 -5.1205e-06 -2.6325e-06]
 [-5.9322e-06 -5.1205e-06 -2.6325e-06]
 [-5.9322e-06 -5.1205e-06 -2.6325e-06]
 [-5.9322e-06 -5.1205e-06 -2.6325e-06]]
----------
----------
9
[[-2.8360e-06 -4.3345e-06 -2.8473e-06]
 [-5.9323e-06 -5.1205e-06 -2.6325e-06]
 [-5.3217e-06 -8.3096e-06 -2.5264e-06]
 [-6.5476e-06 -4.4351e-06 -2.5633e-06]
 [-6.0410e-06 -7.5426e-06 -2.4834e-06]
 [-5.9323e-06 -5.1205e-06 -2.6325e-06]
 [-3.6927e-06 -8.0794e-06 -2.5257e-06]
 [-8.7651e-06 -6.4323e-06 -2.6595e-06]
 [-5.9323e-06 -5.1205e-06 -2.6325e-06]
 [-5.9323e-06 -5.1205e-06 -2.6325e-06]
 [-5.9323e-06 -5.1205e-06 -2.6325e-06]
 [-5.9323e-06 -5.1205e-06 -2.6325e-06]
 [-6.7469e-06 -9.7499e-06 -2.4687e-06]
 [-5.9323e-06 -5.1205e-06 -2.6325e-06]
 [-5.9323e-06 -5.1205e-06 -2.6325e-06]
 [-5.9323e-06 -5.1205e-06 -2.6325e-06]
 [-5.9323e-06 -5.1205e-06 -2.6325e-06]
 [-5.9323e-06 -5.1205e-06 -2.6325e-06]
 [-5.9323e-06 -5.1205e-06 -2.6325e-06]
 [-5.9323e-06 -5.1205e-06 -2.6325e-06]
 [-5.9323e-06 -5.1205e-06 -2.6325e-06]
 [-5.9323e-06 -5.1205e-06 -2.6325e-06]
 [-5.9323e-06 -5.1205e-06 -2.6325e-06]
 [-5.9323e-06 -5.1205e-06 -2.6325e-06]
 [-5.9323e-06 -5.1205e-06 -2.6325e-06]
 [-5.9323e-06 -5.1205e-06 -2.6325e-06]
 [-5.9323e-06 -5.1205e-06 -2.6325e-06]
 [-5.9323e-06 -5.1205e-06 -2.6325e-06]
 [-5.9323e-06 -5.1205e-06 -2.6325e-06]
 [-5.9323e-06 -5.1205e-06 -2.6325e-06]
 [-5.9323e-06 -5.1205e-06 -2.6325e-06]
 [-5.9323e-06 -5.1205e-06 -2.6325e-06]
 [-5.9323e-06 -5.1205e-06 -2.6325e-06]
 [-5.9323e-06 -5.1205e-06 -2.6325e-06]
 [-5.9323e-06 -5.1205e-06 -2.6325e-06]
 [-5.9323e-06 -5.1205e-06 -2.6325e-06]
 [-5.9323e-06 -5.1205e-06 -2.6325e-06]]
----------
========================================